     0.999922     0.0123394     0.0015962      -1.80287    -0.0122043      0.997666    -0.0671929       1.52782    -0.0024216     0.0671682      0.997738      -4.12007
     0.999922     0.0123233    0.00157867      -1.80131    -0.0121894      0.997667    -0.0671785       1.52618   -0.00240285     0.0671541      0.997739      -4.09714
     0.999922     0.0123368    0.00163097      -1.80455     -0.012199      0.997658    -0.0673074       1.52231   -0.00245751     0.0672823      0.997731      -4.13005
     0.999921     0.0124173    0.00151533      -1.80875    -0.0122872       0.99766    -0.0672614        1.4621   -0.00234699     0.0672375      0.997734      -4.14896
     0.999922      0.012326    0.00151863      -1.80711    -0.0121958      0.997656    -0.0673429       1.49138   -0.00234514     0.0673192      0.997728       -4.1466
     0.999923     0.0122767    0.00129634      -1.79919    -0.0121609      0.997639    -0.0675969       1.49501   -0.00212315      0.067576      0.997712      -4.13043
     0.999923     0.0122789    0.00128565      -1.79322    -0.0121642      0.997649    -0.0674468       1.44954    -0.0021108      0.067426      0.997722      -4.11531
     0.999923     0.0122821    0.00129383       -1.7881    -0.0121664      0.997637      -0.06763       1.38459   -0.00212141     0.0676091      0.997709      -4.10366
     0.999922     0.0123665    0.00124776      -1.79723    -0.0122534      0.997626    -0.0677768       1.45569   -0.00208296     0.0677562        0.9977      -4.09574
     0.999923     0.0123327    0.00112984      -1.79393    -0.0122282      0.997641    -0.0675495       1.53233   -0.00196025     0.0675305      0.997715      -4.07148
