       0.9115     -0.115518     -0.394743      -13.6921    -0.0489578      0.922453     -0.382993      -20.9076      0.408375      0.368424      0.835161      -50.5724
     0.911493     -0.115538     -0.394753      -13.6893    -0.0489384      0.922457     -0.382987      -20.9101      0.408392      0.368408      0.835159      -50.5494
     0.911514     -0.115509     -0.394713      -13.6953    -0.0490002       0.92241     -0.383091      -20.9078      0.408338      0.368534      0.835131      -50.5846
     0.911465     -0.115469     -0.394838      -13.6963    -0.0490616      0.922437     -0.383017      -20.9691       0.40844      0.368478      0.835105      -50.6038
     0.911468     -0.115554     -0.394806      -13.6925    -0.0490118      0.922397     -0.383122      -20.9371      0.408439      0.368554      0.835072      -50.6033
     0.911378     -0.115669     -0.394981      -13.6734    -0.0490846      0.922299     -0.383348      -20.9221      0.408631      0.368762      0.834886      -50.5955
     0.911374      -0.11567     -0.394991       -13.667    -0.0490258      0.922355     -0.383221      -20.9745      0.408648      0.368622       0.83494      -50.5771
     0.911377     -0.115664     -0.394985      -13.6623    -0.0491032      0.922287     -0.383373      -21.0309      0.408632      0.368793      0.834872      -50.5695
     0.911356     -0.115598     -0.395052      -13.6715    -0.0492429      0.922243     -0.383462      -20.9519      0.408661      0.368924        0.8348      -50.5653
     0.911309     -0.115666     -0.395142      -13.6621    -0.0491264      0.922324     -0.383282      -20.8862      0.408782        0.3687       0.83484      -50.5374
