# 9  # Number of network ROIs
# 2  # Number of netcc matrices
# WITH_ROI_LABELS
        001 	        002 	        003 	        004 	        005 	        006 	        007 	        008 	         009
          1 	          2 	          3 	          4 	          5 	          6 	          7 	          8 	           9
# CC
      1.0000	      0.3586	      0.4008	      0.7202	      0.5486	      0.4451	      0.7181	      0.6519	      0.5151
      0.3586	      1.0000	      0.7254	      0.6916	      0.6633	      0.5509	      0.6363	      0.8090	      0.5518
      0.4008	      0.7254	      1.0000	      0.5734	      0.6939	      0.7350	      0.6844	      0.7205	      0.5838
      0.7202	      0.6916	      0.5734	      1.0000	      0.8616	      0.4581	      0.7233	      0.9038	      0.6648
      0.5486	      0.6633	      0.6939	      0.8616	      1.0000	      0.5815	      0.6833	      0.8561	      0.7799
      0.4451	      0.5509	      0.7350	      0.4581	      0.5815	      1.0000	      0.8457	      0.7120	      0.8075
      0.7181	      0.6363	      0.6844	      0.7233	      0.6833	      0.8457	      1.0000	      0.8683	      0.7435
      0.6519	      0.8090	      0.7205	      0.9038	      0.8561	      0.7120	      0.8683	      1.0000	      0.8157
      0.5151	      0.5518	      0.5838	      0.6648	      0.7799	      0.8075	      0.7435	      0.8157	      1.0000
# FZ
      4.0000	      0.3753	      0.4246	      0.9080	      0.6164	      0.4786	      0.9036	      0.7787	      0.5696
      0.3753	      4.0000	      0.9190	      0.8511	      0.7986	      0.6196	      0.7519	      1.1242	      0.6209
      0.4246	      0.9190	      4.0000	      0.6526	      0.8555	      0.9395	      0.8373	      0.9086	      0.6682
      0.9080	      0.8511	      0.6526	      4.0000	      1.2996	      0.4950	      0.9144	      1.4924	      0.8013
      0.6164	      0.7986	      0.8555	      1.2996	      4.0000	      0.6648	      0.8352	      1.2785	      1.0452
      0.4786	      0.6196	      0.9395	      0.4950	      0.6648	      4.0000	      1.2407	      0.8911	      1.1198
      0.9036	      0.7519	      0.8373	      0.9144	      0.8352	      1.2407	      4.0000	      1.3262	      0.9582
      0.7787	      1.1242	      0.9086	      1.4924	      1.2785	      0.8911	      1.3262	      4.0000	      1.1439
      0.5696	      0.6209	      0.6682	      0.8013	      1.0452	      1.1198	      0.9582	      1.1439	      4.0000
