# 8  # Number of network ROIs
# 2  # Number of netcc matrices
# WITH_ROI_LABELS
        001 	        002 	        003 	        004 	        005 	        006 	        007 	         008
          1 	          2 	          3 	          4 	          5 	          6 	          7 	           8
# CC
      1.0000	      0.6843	      0.5586	      0.8877	      0.8880	      0.7951	      0.4032	      0.7380
      0.6843	      1.0000	      0.8198	      0.5249	      0.7117	      0.7938	      0.6801	      0.4113
      0.5586	      0.8198	      1.0000	      0.2814	      0.5296	      0.7791	      0.6631	      0.2350
      0.8877	      0.5249	      0.2814	      1.0000	      0.8210	      0.6759	      0.2277	      0.8082
      0.8880	      0.7117	      0.5296	      0.8210	      1.0000	      0.7330	      0.4577	      0.7728
      0.7951	      0.7938	      0.7791	      0.6759	      0.7330	      1.0000	      0.5698	      0.5888
      0.4032	      0.6801	      0.6631	      0.2277	      0.4577	      0.5698	      1.0000	      0.4369
      0.7380	      0.4113	      0.2350	      0.8082	      0.7728	      0.5888	      0.4369	      1.0000
# FZ
      4.0000	      0.8372	      0.6308	      1.4109	      1.4123	      1.0850	      0.4275	      0.9461
      0.8372	      4.0000	      1.1561	      0.5831	      0.8905	      1.0815	      0.8294	      0.4371
      0.6308	      1.1561	      4.0000	      0.2892	      0.5896	      1.0432	      0.7983	      0.2394
      1.4109	      0.5831	      0.2892	      4.0000	      1.1598	      0.8215	      0.2318	      1.1219
      1.4123	      0.8905	      0.5896	      1.1598	      4.0000	      0.9351	      0.4944	      1.0273
      1.0850	      1.0815	      1.0432	      0.8215	      0.9351	      4.0000	      0.6472	      0.6758
      0.4275	      0.8294	      0.7983	      0.2318	      0.4944	      0.6472	      4.0000	      0.4684
      0.9461	      0.4371	      0.2394	      1.1219	      1.0273	      0.6758	      0.4684	      4.0000
