# 8  # Number of network ROIs
# 2  # Number of netcc matrices
# WITH_ROI_LABELS
        001 	        002 	        003 	        004 	        005 	        006 	        007 	         008
          1 	          2 	          3 	          4 	          5 	          6 	          7 	           8
# CC
      1.0000	      0.7552	      0.3286	      0.1112	      0.1484	      0.5498	      0.5610	     -0.1712
      0.7552	      1.0000	      0.3694	      0.4932	      0.2677	      0.7706	      0.5355	     -0.0326
      0.3286	      0.3694	      1.0000	      0.5576	      0.5373	      0.2395	      0.3343	      0.5369
      0.1112	      0.4932	      0.5576	      1.0000	      0.6729	      0.7134	      0.5286	      0.6108
      0.1484	      0.2677	      0.5373	      0.6729	      1.0000	      0.4563	      0.7204	      0.6207
      0.5498	      0.7706	      0.2395	      0.7134	      0.4563	      1.0000	      0.7489	      0.1371
      0.5610	      0.5355	      0.3343	      0.5286	      0.7204	      0.7489	      1.0000	      0.2928
     -0.1712	     -0.0326	      0.5369	      0.6108	      0.6207	      0.1371	      0.2928	      1.0000
# FZ
      4.0000	      0.9851	      0.3413	      0.1117	      0.1495	      0.6181	      0.6343	     -0.1729
      0.9851	      4.0000	      0.3877	      0.5403	      0.2744	      1.0217	      0.5979	     -0.0326
      0.3413	      0.3877	      4.0000	      0.6293	      0.6004	      0.2442	      0.3477	      0.5998
      0.1117	      0.5403	      0.6293	      4.0000	      0.8159	      0.8940	      0.5882	      0.7102
      0.1495	      0.2744	      0.6004	      0.8159	      4.0000	      0.4926	      0.9084	      0.7262
      0.6181	      1.0217	      0.2442	      0.8940	      0.4926	      4.0000	      0.9705	      0.1380
      0.6343	      0.5979	      0.3477	      0.5882	      0.9084	      0.9705	      4.0000	      0.3016
     -0.1729	     -0.0326	      0.5998	      0.7102	      0.7262	      0.1380	      0.3016	      4.0000
