# 8  # Number of network ROIs
# 2  # Number of netcc matrices
# WITH_ROI_LABELS
        001 	        002 	        003 	        004 	        005 	        006 	        007 	         008
          1 	          2 	          3 	          4 	          5 	          6 	          7 	           8
# CC
      1.0000	      0.8621	      0.9228	      0.8528	      0.6953	      0.8348	      0.7894	      0.7587
      0.8621	      1.0000	      0.7970	      0.9024	      0.5340	      0.6974	      0.5690	      0.6616
      0.9228	      0.7970	      1.0000	      0.8632	      0.6544	      0.8507	      0.8031	      0.7778
      0.8528	      0.9024	      0.8632	      1.0000	      0.5006	      0.7820	      0.6506	      0.8212
      0.6953	      0.5340	      0.6544	      0.5006	      1.0000	      0.7157	      0.8719	      0.6036
      0.8348	      0.6974	      0.8507	      0.7820	      0.7157	      1.0000	      0.8709	      0.8030
      0.7894	      0.5690	      0.8031	      0.6506	      0.8719	      0.8709	      1.0000	      0.8145
      0.7587	      0.6616	      0.7778	      0.8212	      0.6036	      0.8030	      0.8145	      1.0000
# FZ
      4.0000	      1.3016	      1.6079	      1.2662	      0.8582	      1.2037	      1.0699	      0.9932
      1.3016	      4.0000	      1.0905	      1.4853	      0.5958	      0.8623	      0.6461	      0.7956
      1.6079	      1.0905	      4.0000	      1.3060	      0.7830	      1.2588	      1.1073	      1.0398
      1.2662	      1.4853	      1.3060	      4.0000	      0.5501	      1.0504	      0.7763	      1.1605
      0.8582	      0.5958	      0.7830	      0.5501	      4.0000	      0.8987	      1.3409	      0.6989
      1.2037	      0.8623	      1.2588	      1.0504	      0.8987	      4.0000	      1.3368	      1.1070
      1.0699	      0.6461	      1.1073	      0.7763	      1.3409	      1.3368	      4.0000	      1.1401
      0.9932	      0.7956	      1.0398	      1.1605	      0.6989	      1.1070	      1.1401	      4.0000
